g: 9.81
m: 27.0e-3
l: 46.0e-3
Ix: 16.571710e-6
Iy: 16.571710e-6
Iz: 29.261652e-6
Ip: 12.65625e-8
kF: 1.28192e-8
kM: 5.964552e-3
wmax: 2618.0
wmin: 0.0
